255 255 255 255 255 255 255 255 255 255 255 255 255 255 255 255
255 255 255 255 255 255 255 255 255 255 255 255 255 255 255 255
255 255   0   0   0   0   0   0   0   0   0   0   0   0 255 255
255 255   0   0   0   0   0   0   0   0   0   0   0   0 255 255
255 255   0   0   0   0   0   0   0   0   0   0   0   0 255 255
255 255   0   0   0 222 222 222 222 222 222   0   0   0 255 255
255 255   0   0   0 222 222 222 222 222 222   0   0   0 255 255
255 255   0   0   0 241 222 222 254 232 254   0   0   0 255 255
255 255   0   0   0 222 255 250 254 222 238   0   0   0 255 255
255 255   0   0   0 222 222 222 222 222 222   0   0   0 255 255
255 255   0   0   0 222 222 222 222 222 222   0   0   0 255 255
255 255   0   0   0   0   0   0   0   0   0   0   0   0 255 255
255 255   0   0   0   0   0   0   0   0   0   0   0   0 255 255
255 255   0   0   0   0   0   0   0   0   0   0   0   0 255 255
255 255 255 255 255 255 255 255 255 255 255 255 255 255 255 255
255 255 255 255 255 255 255 255 255 255 255 255 255 255 255 255
255 255 255 255 255 255 255 255 255 255 255 255 255 255 255 255
255 255 255 255 255 255 255 255 255 255 255 255 255 255 255 255
255 255   0   0   0   0   0   0   0   0   0   0   0   0 255 255
255 255   0   0   0   0   0   0   0   0   0   0   0   0 255 255
255 255   0   0   0   0   0   0   0   0   0   0   0   0 255 255
255 255   0   0   0 222 222 222 222 222 222   0   0   0 255 255
255 255   0   0   0 222 222 222 222 222 222   0   0   0 255 255
255 255   0   0   0 154 222 222 102 185 102   0   0   0 255 255
255 255   0   0   0 222 102 119 102 222 164   0   0   0 255 255
255 255   0   0   0 222 222 222 222 222 222   0   0   0 255 255
255 255   0   0   0 222 222 222 222 222 222   0   0   0 255 255
255 255   0   0   0   0   0   0   0   0   0   0   0   0 255 255
255 255   0   0   0   0   0   0   0   0   0   0   0   0 255 255
255 255   0   0   0   0   0   0   0   0   0   0   0   0 255 255
255 255 255 255 255 255 255 255 255 255 255 255 255 255 255 255
255 255 255 255 255 255 255 255 255 255 255 255 255 255 255 255
255 255 255 255 255 255 255 255 255 255 255 255 255 255 255 255
255 255 255 255 255 255 255 255 255 255 255 255 255 255 255 255
255 255   0   0   0   0   0   0   0   0   0   0   0   0 255 255
255 255   0   0   0   0   0   0   0   0   0   0   0   0 255 255
255 255   0   0   0   0   0   0   0   0   0   0   0   0 255 255
255 255   0   0   0 222 222 222 222 222 222   0   0   0 255 255
255 255   0   0   0 222 222 222 222 222 222   0   0   0 255 255
255 255   0   0   0  97 222 222   0 152   0   0   0   0 255 255
255 255   0   0   0 222   1  31   0 222 115   0   0   0 255 255
255 255   0   0   0 222 222 222 222 222 222   0   0   0 255 255
255 255   0   0   0 222 222 222 222 222 222   0   0   0 255 255
255 255   0   0   0   0   0   0   0   0   0   0   0   0 255 255
255 255   0   0   0   0   0   0   0   0   0   0   0   0 255 255
255 255   0   0   0   0   0   0   0   0   0   0   0   0 255 255
255 255 255 255 255 255 255 255 255 255 255 255 255 255 255 255
255 255 255 255 255 255 255 255 255 255 255 255 255 255 255 255

255 255 255 255 255 255 255 255 255 255 255 255 255 255 255 255
255 255 255 255 255 255 255 255 255 255 255 255 255 255 255 255
255 255   0   0   0   0   0   0   0   0   0   0   0   0 255 255
255 255   0   0   0   0   0   0   0   0   0   0   0   0 255 255
255 255   0   0   0   0   0   0   0   0   0   0   0   0 255 255
255 255   0   0   0 222 222 254 238 222 222   0   0   0 255 255
255 255   0   0   0 222 222 232 222 222 222   0   0   0 255 255
255 255   0   0   0 222 222 254 254 222 222   0   0   0 255 255
255 255   0   0   0 222 222 222 250 222 222   0   0   0 255 255
255 255   0   0   0 222 222 222 255 222 222   0   0   0 255 255
255 255   0   0   0 222 222 241 222 222 222   0   0   0 255 255
255 255   0   0   0   0   0   0   0   0   0   0   0   0 255 255
255 255   0   0   0   0   0   0   0   0   0   0   0   0 255 255
255 255   0   0   0   0   0   0   0   0   0   0   0   0 255 255
255 255 255 255 255 255 255 255 255 255 255 255 255 255 255 255
255 255 255 255 255 255 255 255 255 255 255 255 255 255 255 255
255 255 255 255 255 255 255 255 255 255 255 255 255 255 255 255
255 255 255 255 255 255 255 255 255 255 255 255 255 255 255 255
255 255   0   0   0   0   0   0   0   0   0   0   0   0 255 255
255 255   0   0   0   0   0   0   0   0   0   0   0   0 255 255
255 255   0   0   0   0   0   0   0   0   0   0   0   0 255 255
255 255   0   0   0 222 222 102 164 222 222   0   0   0 255 255
255 255   0   0   0 222 222 185 222 222 222   0   0   0 255 255
255 255   0   0   0 222 222 102 102 222 222   0   0   0 255 255
255 255   0   0   0 222 222 222 119 222 222   0   0   0 255 255
255 255   0   0   0 222 222 222 102 222 222   0   0   0 255 255
255 255   0   0   0 222 222 154 222 222 222   0   0   0 255 255
255 255   0   0   0   0   0   0   0   0   0   0   0   0 255 255
255 255   0   0   0   0   0   0   0   0   0   0   0   0 255 255
255 255   0   0   0   0   0   0   0   0   0   0   0   0 255 255
255 255 255 255 255 255 255 255 255 255 255 255 255 255 255 255
255 255 255 255 255 255 255 255 255 255 255 255 255 255 255 255
255 255 255 255 255 255 255 255 255 255 255 255 255 255 255 255
255 255 255 255 255 255 255 255 255 255 255 255 255 255 255 255
255 255   0   0   0   0   0   0   0   0   0   0   0   0 255 255
255 255   0   0   0   0   0   0   0   0   0   0   0   0 255 255
255 255   0   0   0   0   0   0   0   0   0   0   0   0 255 255
255 255   0   0   0 222 222   0 115 222 222   0   0   0 255 255
255 255   0   0   0 222 222 152 222 222 222   0   0   0 255 255
255 255   0   0   0 222 222   0   0 222 222   0   0   0 255 255
255 255   0   0   0 222 222 222  31 222 222   0   0   0 255 255
255 255   0   0   0 222 222 222   1 222 222   0   0   0 255 255
255 255   0   0   0 222 222  97 222 222 222   0   0   0 255 255
255 255   0   0   0   0   0   0   0   0   0   0   0   0 255 255
255 255   0   0   0   0   0   0   0   0   0   0   0   0 255 255
255 255   0   0   0   0   0   0   0   0   0   0   0   0 255 255
255 255 255 255 255 255 255 255 255 255 255 255 255 255 255 255
255 255 255 255 255 255 255 255 255 255 255 255 255 255 255 255

255 255 255 255 255 255 255 255 255 255 255 255 255 255 255 255
255 255 255 255 255 255 255 255 255 255 255 255 255 255 255 255
255 255   0   0   0   0   0   0   0   0   0   0   0   0 255 255
255 255   0   0   0   0   0   0   0   0   0   0   0   0 255 255
255 255   0   0   0   0   0   0   0   0   0   0   0   0 255 255
255 255   0   0   0 222 222 222 222 222 222   0   0   0 255 255
255 255   0   0   0 222 222 222 222 222 222   0   0   0 255 255
255 255   0   0   0 238 222 254 250 255 222   0   0   0 255 255
255 255   0   0   0 254 232 254 222 222 241   0   0   0 255 255
255 255   0   0   0 222 222 222 222 222 222   0   0   0 255 255
255 255   0   0   0 222 222 222 222 222 222   0   0   0 255 255
255 255   0   0   0   0   0   0   0   0   0   0   0   0 255 255
255 255   0   0   0   0   0   0   0   0   0   0   0   0 255 255
255 255   0   0   0   0   0   0   0   0   0   0   0   0 255 255
255 255 255 255 255 255 255 255 255 255 255 255 255 255 255 255
255 255 255 255 255 255 255 255 255 255 255 255 255 255 255 255
255 255 255 255 255 255 255 255 255 255 255 255 255 255 255 255
255 255 255 255 255 255 255 255 255 255 255 255 255 255 255 255
255 255   0   0   0   0   0   0   0   0   0   0   0   0 255 255
255 255   0   0   0   0   0   0   0   0   0   0   0   0 255 255
255 255   0   0   0   0   0   0   0   0   0   0   0   0 255 255
255 255   0   0   0 222 222 222 222 222 222   0   0   0 255 255
255 255   0   0   0 222 222 222 222 222 222   0   0   0 255 255
255 255   0   0   0 164 222 102 119 102 222   0   0   0 255 255
255 255   0   0   0 102 185 102 222 222 154   0   0   0 255 255
255 255   0   0   0 222 222 222 222 222 222   0   0   0 255 255
255 255   0   0   0 222 222 222 222 222 222   0   0   0 255 255
255 255   0   0   0   0   0   0   0   0   0   0   0   0 255 255
255 255   0   0   0   0   0   0   0   0   0   0   0   0 255 255
255 255   0   0   0   0   0   0   0   0   0   0   0   0 255 255
255 255 255 255 255 255 255 255 255 255 255 255 255 255 255 255
255 255 255 255 255 255 255 255 255 255 255 255 255 255 255 255
255 255 255 255 255 255 255 255 255 255 255 255 255 255 255 255
255 255 255 255 255 255 255 255 255 255 255 255 255 255 255 255
255 255   0   0   0   0   0   0   0   0   0   0   0   0 255 255
255 255   0   0   0   0   0   0   0   0   0   0   0   0 255 255
255 255   0   0   0   0   0   0   0   0   0   0   0   0 255 255
255 255   0   0   0 222 222 222 222 222 222   0   0   0 255 255
255 255   0   0   0 222 222 222 222 222 222   0   0   0 255 255
255 255   0   0   0 115 222   0  31   1 222   0   0   0 255 255
255 255   0   0   0   0 152   0 222 222  97   0   0   0 255 255
255 255   0   0   0 222 222 222 222 222 222   0   0   0 255 255
255 255   0   0   0 222 222 222 222 222 222   0   0   0 255 255
255 255   0   0   0   0   0   0   0   0   0   0   0   0 255 255
255 255   0   0   0   0   0   0   0   0   0   0   0   0 255 255
255 255   0   0   0   0   0   0   0   0   0   0   0   0 255 255
255 255 255 255 255 255 255 255 255 255 255 255 255 255 255 255
255 255 255 255 255 255 255 255 255 255 255 255 255 255 255 255

255 255 255 255 255 255 255 255 255 255 255 255 255 255 255 255
255 255 255 255 255 255 255 255 255 255 255 255 255 255 255 255
255 255   0   0   0   0   0   0   0   0   0   0   0   0 255 255
255 255   0   0   0   0   0   0   0   0   0   0   0   0 255 255
255 255   0   0   0   0   0   0   0   0   0   0   0   0 255 255
255 255   0   0   0 222 222 222 241 222 222   0   0   0 255 255
255 255   0   0   0 222 222 255 222 222 222   0   0   0 255 255
255 255   0   0   0 222 222 250 222 222 222   0   0   0 255 255
255 255   0   0   0 222 222 254 254 222 222   0   0   0 255 255
255 255   0   0   0 222 222 222 232 222 222   0   0   0 255 255
255 255   0   0   0 222 222 238 254 222 222   0   0   0 255 255
255 255   0   0   0   0   0   0   0   0   0   0   0   0 255 255
255 255   0   0   0   0   0   0   0   0   0   0   0   0 255 255
255 255   0   0   0   0   0   0   0   0   0   0   0   0 255 255
255 255 255 255 255 255 255 255 255 255 255 255 255 255 255 255
255 255 255 255 255 255 255 255 255 255 255 255 255 255 255 255
255 255 255 255 255 255 255 255 255 255 255 255 255 255 255 255
255 255 255 255 255 255 255 255 255 255 255 255 255 255 255 255
255 255   0   0   0   0   0   0   0   0   0   0   0   0 255 255
255 255   0   0   0   0   0   0   0   0   0   0   0   0 255 255
255 255   0   0   0   0   0   0   0   0   0   0   0   0 255 255
255 255   0   0   0 222 222 222 154 222 222   0   0   0 255 255
255 255   0   0   0 222 222 102 222 222 222   0   0   0 255 255
255 255   0   0   0 222 222 119 222 222 222   0   0   0 255 255
255 255   0   0   0 222 222 102 102 222 222   0   0   0 255 255
255 255   0   0   0 222 222 222 185 222 222   0   0   0 255 255
255 255   0   0   0 222 222 164 102 222 222   0   0   0 255 255
255 255   0   0   0   0   0   0   0   0   0   0   0   0 255 255
255 255   0   0   0   0   0   0   0   0   0   0   0   0 255 255
255 255   0   0   0   0   0   0   0   0   0   0   0   0 255 255
255 255 255 255 255 255 255 255 255 255 255 255 255 255 255 255
255 255 255 255 255 255 255 255 255 255 255 255 255 255 255 255
255 255 255 255 255 255 255 255 255 255 255 255 255 255 255 255
255 255 255 255 255 255 255 255 255 255 255 255 255 255 255 255
255 255   0   0   0   0   0   0   0   0   0   0   0   0 255 255
255 255   0   0   0   0   0   0   0   0   0   0   0   0 255 255
255 255   0   0   0   0   0   0   0   0   0   0   0   0 255 255
255 255   0   0   0 222 222 222  97 222 222   0   0   0 255 255
255 255   0   0   0 222 222   1 222 222 222   0   0   0 255 255
255 255   0   0   0 222 222  31 222 222 222   0   0   0 255 255
255 255   0   0   0 222 222   0   0 222 222   0   0   0 255 255
255 255   0   0   0 222 222 222 152 222 222   0   0   0 255 255
255 255   0   0   0 222 222 115   0 222 222   0   0   0 255 255
255 255   0   0   0   0   0   0   0   0   0   0   0   0 255 255
255 255   0   0   0   0   0   0   0   0   0   0   0   0 255 255
255 255   0   0   0   0   0   0   0   0   0   0   0   0 255 255
255 255 255 255 255 255 255 255 255 255 255 255 255 255 255 255
255 255 255 255 255 255 255 255 255 255 255 255 255 255 255 255
